100
16 32
7 5
8 23
13 18
6 9
11 34
2 41
34 9
44 31
21 2
43 31
10 18
4 41
26 29
31 43
26 18
22 46
20 34
3 31
40 32
18 9
1 2
12 19
1 34
37 5
35 21
38 29
21 46
24 43
36 47
16 6
1 13
47 38
20 23
4 1
11 11
12 23
43 12
47 23
30 44
14 36
16 16
12 4
46 37
35 37
43 33
48 50
39 45
17 44
44 9
21 23
45 7
18 33
7 40
33 16
1 38
4 48
3 19
5 15
1 1
33 41
40 45
40 30
25 31
39 8
30 21
27 9
43 27
18 46
11 2
39 50
49 14
32 44
8 2
4 38
28 11
7 36
18 19
49 48
6 44
16 39
50 37
15 42
39 44
45 32
33 2
15 36
29 32
35 48
35 39
1 38
25 14
34 7
5 44
38 35
23 12
50 3
47 24
18 15
46 37
